{
 "cells": [
  {
   "cell_type": "code",
   "execution_count": 5,
   "metadata": {},
   "outputs": [],
   "source": [
    "import numpy as np\n",
    "from scipy import linalg as LA\n",
    "import math"
   ]
  },
  {
   "cell_type": "code",
   "execution_count": 9,
   "metadata": {},
   "outputs": [
    {
     "name": "stdout",
     "output_type": "stream",
     "text": [
      "[[1.     0.005  0.0099 0.0147 0.0192 0.0234 0.0272 0.0308 0.034  0.0369]\n",
      " [0.0396 1.0099 0.0192 0.0272 0.034  0.0396 0.0442 0.0479 0.051  0.0536]\n",
      " [0.0558 0.0147 1.0272 0.0369 0.0442 0.0495 0.0536 0.0568 0.0593 0.0613]\n",
      " [0.063  0.0192 0.034  1.0442 0.051  0.0558 0.0593 0.0619 0.0639 0.0655]\n",
      " [0.0668 0.0234 0.0396 0.0495 1.0558 0.06   0.063  0.0651 0.0668 0.0681]\n",
      " [0.0692 0.0272 0.0442 0.0536 0.0593 1.063  0.0655 0.0674 0.0688 0.0699]\n",
      " [0.0708 0.0308 0.0479 0.0568 0.0619 0.0651 1.0674 0.069  0.0703 0.0712]\n",
      " [0.072  0.034  0.051  0.0593 0.0639 0.0668 0.0688 1.0703 0.0714 0.0722]\n",
      " [0.0729 0.0369 0.0536 0.0613 0.0655 0.0681 0.0699 0.0712 1.0722 0.073 ]\n",
      " [0.0736 0.0396 0.0558 0.063  0.0668 0.0692 0.0708 0.072  0.0729 1.0736]]\n"
     ]
    }
   ],
   "source": [
    "e = np.eye(10,10)\n",
    "B = [1,1,1,1,1,1,1,1,1,1]\n",
    "a = 10\n",
    "b = 10\n",
    "r = 0  \n",
    "mas = []\n",
    "for i in range(a):\n",
    "    mas.append([])\n",
    "    for j in range(b):\n",
    "        mas[i].append(r)\n",
    "        r = (round(math.atan((i+1)*(j+1)*0.1)*0.1*0.504,4))\n",
    "t= mas+e      \n",
    "print(t)"
   ]
  },
  {
   "cell_type": "code",
   "execution_count": 10,
   "metadata": {},
   "outputs": [
    {
     "name": "stdout",
     "output_type": "stream",
     "text": [
      "[[ 1.00927066e+00 -8.20952156e-04 -3.60430319e-03 -7.33755578e-03\n",
      "  -1.12334757e-02 -1.50551147e-02 -1.85982014e-02 -2.20168846e-02\n",
      "  -2.50815740e-02 -2.78822768e-02]\n",
      " [-2.50122226e-02  9.96703843e-01 -9.06240498e-03 -1.51450753e-02\n",
      "  -2.07690640e-02 -2.55696732e-02 -2.95847007e-02 -3.28335869e-02\n",
      "  -3.55750268e-02 -3.78885629e-02]\n",
      " [-3.79571980e-02 -6.74678190e-03  9.85117165e-01 -2.21552668e-02\n",
      "  -2.79362254e-02 -3.21886931e-02 -3.55136585e-02 -3.81107528e-02\n",
      "  -4.01285171e-02 -4.17401890e-02]\n",
      " [-4.30004296e-02 -1.04158034e-02 -2.03191699e-02  9.72243536e-01\n",
      "  -3.28107079e-02 -3.64004777e-02 -3.90019635e-02 -4.09023816e-02\n",
      "  -4.23422625e-02 -4.34905962e-02]\n",
      " [-4.52840819e-02 -1.40602498e-02 -2.49956090e-02 -3.18960415e-02\n",
      "   9.63711848e-01 -3.91614236e-02 -4.11745699e-02 -4.25064151e-02\n",
      "  -4.35912914e-02 -4.43951220e-02]\n",
      " [-4.65508030e-02 -1.74588931e-02 -2.89216754e-02 -3.51432669e-02\n",
      "  -3.88115347e-02  9.58904590e-01 -4.25406247e-02 -4.36198517e-02\n",
      "  -4.43625763e-02 -4.49323282e-02]\n",
      " [-4.72806903e-02 -2.07594454e-02 -3.21143527e-02 -3.76970053e-02\n",
      "  -4.06678334e-02 -4.23808924e-02  9.56427938e-01 -4.43094503e-02\n",
      "  -4.49186116e-02 -4.52612118e-02]\n",
      " [-4.77872781e-02 -2.37251747e-02 -3.48148685e-02 -3.96857127e-02\n",
      "  -4.20774331e-02 -4.34327230e-02 -4.42796800e-02  9.55117210e-01\n",
      "  -4.52644415e-02 -4.54847606e-02]\n",
      " [-4.81332127e-02 -2.64427768e-02 -3.71008501e-02 -4.12810320e-02\n",
      "  -4.32078626e-02 -4.42154656e-02 -4.48257789e-02 -4.52004496e-02\n",
      "   9.54540767e-01 -4.56610036e-02]\n",
      " [-4.83619945e-02 -2.89897022e-02 -3.90361185e-02 -4.26387981e-02\n",
      "  -4.41098431e-02 -4.48763126e-02 -4.52549568e-02 -4.55050412e-02\n",
      "  -4.56440454e-02  9.54270238e-01]]\n"
     ]
    }
   ],
   "source": [
    "B = [1,1,1,1,1,1,1,1,1,1]\n",
    "a = 10\n",
    "b = 10\n",
    "r = 0  \n",
    "mas = []\n",
    "for i in range(a):\n",
    "    mas.append([])\n",
    "    for j in range(b):\n",
    "        mas[i].append(r)\n",
    "        r = (round(math.atan((i+1)*(j+1)*0.1)*0.1*0.504,4))\n",
    "t= mas+e      \n",
    "#print(t)\n",
    "y = LA.inv(t)\n",
    "print y"
   ]
  },
  {
   "cell_type": "code",
   "execution_count": 39,
   "metadata": {},
   "outputs": [
    {
     "name": "stdout",
     "output_type": "stream",
     "text": [
      "[1.01235649 0.98632986 1.01451663 0.98468516 1.01547768 0.98398489\n",
      " 1.015996   0.98361208 1.01632696 0.9833441 ]\n",
      "[0.0124, -0.0137, 0.0145, -0.0153, 0.0155, -0.016, 0.016, -0.0164, 0.0163, -0.0167]\n"
     ]
    }
   ],
   "source": [
    "B = [1,1,1,1,1,1,1,1,1,1]\n",
    "a = 10\n",
    "b = 10\n",
    "r = 0  \n",
    "mas = []\n",
    "arr=[]\n",
    "for i in range(a):\n",
    "    mas.append([])\n",
    "    for j in range(b):\n",
    "        mas[i].append(r)\n",
    "        r = (round(math.atan((i+1)*(j+1)*0.1)*0.1*0.504,4))\n",
    "t = mas+e      \n",
    "#print(t)\n",
    "y = LA.inv(t)\n",
    "#print y\n",
    "d1 = LA.det(t)\n",
    "d2 = LA.det(y)\n",
    "vector=np.dot(t,B)\n",
    "delta_b = [round((-1)**i*vector[i]*0.01,4) for i in range(10)]\n",
    "#print delta_b,    \n",
    "sum = [round(vector[i]+delta_b[i],4) for i in range(10)]\n",
    "delta_x_1 = np.dot(y,sum)\n",
    "print delta_x\n",
    "delta_x_2= [round(delta_x_1[i]-B[i],4) for i in range(10)]\n",
    "print delta_x_2\n"
   ]
  },
  {
   "cell_type": "code",
   "execution_count": 53,
   "metadata": {},
   "outputs": [
    {
     "name": "stdout",
     "output_type": "stream",
     "text": [
      "[0.0088, -0.0076, 0.0071, -0.0066, 0.0064, -0.0061, 0.0061, -0.0058, 0.0058, -0.0056]\n"
     ]
    }
   ],
   "source": [
    "x = [1,1,1,1,1,1,1,1,1,1]\n",
    "a = 10\n",
    "b = 10\n",
    "r = 0  \n",
    "A = []\n",
    "arr=[]\n",
    "for i in range(a):\n",
    "    A.append([])\n",
    "    for j in range(b):\n",
    "        A[i].append(r)\n",
    "        r = (round((math.atan((i+1)*(j+1)*0.1)*0.1*0.504),4))\n",
    "t = A+e      \n",
    "print(t)\n",
    "y = LA.inv(t)\n",
    "print y\n",
    "d1 = LA.det(t)\n",
    "d2 = LA.det(y)\n",
    "b=np.dot(t,x)\n",
    "delta_b = [round((-1)**i*b[i]*0.01,4) for i in range(10)]\n",
    "print delta_b,    \n",
    "sum = [round(b[i]+delta_b[i],4) for i in range(10)]\n",
    "x_plus_delta_x = np.dot(y,sum)\n",
    "print x_plus_delta_x \n",
    "delta_x= [round(x_plus_delta_x[i]-x[i],4) for i in range(10)]\n",
    "print delta_x\n",
    "#print t\n",
    "#y1 = LA.inv(t)\n",
    "#print y1\n",
    "UUU=np.dot(y1,B)\n",
    "delta_b1 = [round((-1)**i*UUU[i]*0.01,4) for i in range(10)]\n",
    "print delta_b1,"
   ]
  },
  {
   "cell_type": "code",
   "execution_count": null,
   "metadata": {},
   "outputs": [],
   "source": []
  },
  {
   "cell_type": "code",
   "execution_count": null,
   "metadata": {},
   "outputs": [],
   "source": []
  },
  {
   "cell_type": "code",
   "execution_count": null,
   "metadata": {},
   "outputs": [],
   "source": []
  },
  {
   "cell_type": "code",
   "execution_count": null,
   "metadata": {},
   "outputs": [],
   "source": []
  },
  {
   "cell_type": "code",
   "execution_count": null,
   "metadata": {},
   "outputs": [],
   "source": []
  },
  {
   "cell_type": "code",
   "execution_count": 151,
   "metadata": {},
   "outputs": [
    {
     "name": "stdout",
     "output_type": "stream",
     "text": [
      "[[1.     0.005  0.0099 0.0147 0.0192 0.0234 0.0272 0.0308 0.034  0.0369]\n",
      " [0.0396 1.0099 0.0192 0.0272 0.034  0.0396 0.0442 0.0479 0.051  0.0536]\n",
      " [0.0558 0.0147 1.0272 0.0369 0.0442 0.0495 0.0536 0.0568 0.0593 0.0613]\n",
      " [0.063  0.0192 0.034  1.0442 0.051  0.0558 0.0593 0.0619 0.0639 0.0655]\n",
      " [0.0668 0.0234 0.0396 0.0495 1.0558 0.06   0.063  0.0651 0.0668 0.0681]\n",
      " [0.0692 0.0272 0.0442 0.0536 0.0593 1.063  0.0655 0.0674 0.0688 0.0699]\n",
      " [0.0708 0.0308 0.0479 0.0568 0.0619 0.0651 1.0674 0.069  0.0703 0.0712]\n",
      " [0.072  0.034  0.051  0.0593 0.0639 0.0668 0.0688 1.0703 0.0714 0.0722]\n",
      " [0.0729 0.0369 0.0536 0.0613 0.0655 0.0681 0.0699 0.0712 1.0722 0.073 ]\n",
      " [0.0736 0.0396 0.0558 0.063  0.0668 0.0692 0.0708 0.072  0.0729 1.0736]]\n",
      "[[ 1.00927066e+00 -8.20952156e-04 -3.60430319e-03 -7.33755578e-03\n",
      "  -1.12334757e-02 -1.50551147e-02 -1.85982014e-02 -2.20168846e-02\n",
      "  -2.50815740e-02 -2.78822768e-02]\n",
      " [-2.50122226e-02  9.96703843e-01 -9.06240498e-03 -1.51450753e-02\n",
      "  -2.07690640e-02 -2.55696732e-02 -2.95847007e-02 -3.28335869e-02\n",
      "  -3.55750268e-02 -3.78885629e-02]\n",
      " [-3.79571980e-02 -6.74678190e-03  9.85117165e-01 -2.21552668e-02\n",
      "  -2.79362254e-02 -3.21886931e-02 -3.55136585e-02 -3.81107528e-02\n",
      "  -4.01285171e-02 -4.17401890e-02]\n",
      " [-4.30004296e-02 -1.04158034e-02 -2.03191699e-02  9.72243536e-01\n",
      "  -3.28107079e-02 -3.64004777e-02 -3.90019635e-02 -4.09023816e-02\n",
      "  -4.23422625e-02 -4.34905962e-02]\n",
      " [-4.52840819e-02 -1.40602498e-02 -2.49956090e-02 -3.18960415e-02\n",
      "   9.63711848e-01 -3.91614236e-02 -4.11745699e-02 -4.25064151e-02\n",
      "  -4.35912914e-02 -4.43951220e-02]\n",
      " [-4.65508030e-02 -1.74588931e-02 -2.89216754e-02 -3.51432669e-02\n",
      "  -3.88115347e-02  9.58904590e-01 -4.25406247e-02 -4.36198517e-02\n",
      "  -4.43625763e-02 -4.49323282e-02]\n",
      " [-4.72806903e-02 -2.07594454e-02 -3.21143527e-02 -3.76970053e-02\n",
      "  -4.06678334e-02 -4.23808924e-02  9.56427938e-01 -4.43094503e-02\n",
      "  -4.49186116e-02 -4.52612118e-02]\n",
      " [-4.77872781e-02 -2.37251747e-02 -3.48148685e-02 -3.96857127e-02\n",
      "  -4.20774331e-02 -4.34327230e-02 -4.42796800e-02  9.55117210e-01\n",
      "  -4.52644415e-02 -4.54847606e-02]\n",
      " [-4.81332127e-02 -2.64427768e-02 -3.71008501e-02 -4.12810320e-02\n",
      "  -4.32078626e-02 -4.42154656e-02 -4.48257789e-02 -4.52004496e-02\n",
      "   9.54540767e-01 -4.56610036e-02]\n",
      " [-4.83619945e-02 -2.89897022e-02 -3.90361185e-02 -4.26387981e-02\n",
      "  -4.41098431e-02 -4.48763126e-02 -4.52549568e-02 -4.55050412e-02\n",
      "  -4.56440454e-02  9.54270238e-01]]\n",
      "1.0\n"
     ]
    },
    {
     "data": {
      "text/plain": [
       "array([1.2011, 1.3662, 1.4593, 1.5178, 1.5581, 1.5881, 1.6112, 1.6297,\n",
       "       1.6446, 1.6573])"
      ]
     },
     "execution_count": 151,
     "metadata": {},
     "output_type": "execute_result"
    }
   ],
   "source": [
    "B = [1,1,1,1,1,1,1,1,1,1]\n",
    "a = 10\n",
    "b = 10\n",
    "r = 0  \n",
    "mas = []\n",
    "for i in range(a):\n",
    "    mas.append([])\n",
    "    for j in range(b):\n",
    "        mas[i].append(r)\n",
    "        r = (round(math.atan((i+1)*(j+1)*0.1)*0.1*0.504,4))\n",
    "t= mas+e      \n",
    "print(t)\n",
    "y = LA.inv(t)\n",
    "print y\n",
    "d1 = LA.det(t)\n",
    "d2 = LA.det(y)\n",
    "print (d1*d2)\n",
    "np.dot(t,B)"
   ]
  },
  {
   "cell_type": "code",
   "execution_count": null,
   "metadata": {},
   "outputs": [],
   "source": []
  },
  {
   "cell_type": "code",
   "execution_count": null,
   "metadata": {},
   "outputs": [],
   "source": []
  },
  {
   "cell_type": "code",
   "execution_count": null,
   "metadata": {},
   "outputs": [],
   "source": []
  }
 ],
 "metadata": {
  "kernelspec": {
   "display_name": "Python 2",
   "language": "python",
   "name": "python2"
  },
  "language_info": {
   "codemirror_mode": {
    "name": "ipython",
    "version": 2
   },
   "file_extension": ".py",
   "mimetype": "text/x-python",
   "name": "python",
   "nbconvert_exporter": "python",
   "pygments_lexer": "ipython2",
   "version": "2.7.16"
  }
 },
 "nbformat": 4,
 "nbformat_minor": 2
}
